48.87464159093973 13.36851396938776 3.01853454968474 7.771561172376094e-16 3.018418848199644e-16 1.304512053934558e-15
13.36851396938776 37.40469066874605 13.26836497292662 -3.469446951953613e-17 -2.818925648462312e-17 1.27503868558894e-15
3.01853454968474 13.26836497292662 49.26260157843576 1.554312234475219e-15 5.546778314435844e-16 8.604228440844961e-16
7.771561172376094e-16 -3.469446951953613e-17 1.554312234475219e-15 2.647196198609377 0 4.425973902240946e-33
3.018418848199644e-16 -2.818925648462312e-17 5.546778314435844e-16 0 4.264264998463705 -1.040588608327052e-16
1.304512053934558e-15 1.27503868558894e-15 8.604228440844961e-16 4.425973902240946e-33 -1.040588608327052e-16 2.475480614676726
