146.4857511513489 29.31629657077879 24.67709508591037 1.040834085586084e-16 2.636779683484746e-16 -3.469446951953612e-16
29.31629657077879 146.4857511513489 24.67709508591037 2.636779683484746e-16 1.040834085586084e-16 2.5101069305617e-15
24.67709508591037 24.67709508591037 53.11780171101267 1.318389841742373e-15 1.318389841742373e-15 8.200905232680356e-16
1.040834085586084e-16 2.636779683484746e-16 1.318389841742373e-15 27.00235907789423 0 -1.30491109366466e-32
2.636779683484746e-16 1.040834085586084e-16 1.318389841742373e-15 0 27.00235907789424 -7.426286164802638e-16
-3.469446951953612e-16 2.5101069305617e-15 8.200905232680356e-16 -1.30491109366466e-32 -7.426286164802638e-16 28.83092597629461
