159.5747613091424 30.67824215500933 24.98960181318266 1.491862189340052e-16 -3.330669073875467e-16 4.440892098500625e-16
30.67824215500933 159.5747613091424 24.98960181318267 1.665334536937733e-16 -7.979727989493311e-17 3.26911331145469e-15
24.98960181318266 24.98960181318267 58.39435876410563 4.718447854656916e-16 -5.273559366969497e-16 4.198030811863872e-16
1.491862189340052e-16 1.665334536937733e-16 4.718447854656916e-16 33.11327315642876 0 1.000431838476239e-32
-3.330669073875467e-16 -7.979727989493311e-17 -5.273559366969497e-16 0 33.11327315642877 -9.009047051869157e-16
4.440892098500625e-16 3.26911331145469e-15 4.198030811863872e-16 1.000431838476239e-32 -9.009047051869157e-16 35.0806946337925
