140.7956073246861 26.62722279170126 18.35814943265179 1.110223024625156e-16 3.295974604355933e-16 1.922073611382302e-15
26.62722279170126 140.795607324686 18.35814943265179 -4.371503159461553e-16 6.938893903907227e-17 2.487944680083912e-15
18.35814943265179 18.35814943265179 67.58558037500579 -9.783840404509194e-16 1.040834085586084e-16 5.134781488891348e-16
1.110223024625156e-16 -4.371503159461553e-16 -9.783840404509194e-16 25.5331076674907 0 -8.699407291097733e-33
3.295974604355933e-16 6.938893903907227e-17 1.040834085586084e-16 0 25.53310766749071 -7.118558879219446e-16
1.922073611382302e-15 2.487944680083912e-15 5.134781488891348e-16 -8.699407291097733e-33 -7.118558879219446e-16 26.22744556607135
