87.3113831946963 15.58283391128032 15.58283391128032 8.88178419700125e-16 1.665334536937733e-16 1.082467449009527e-15
15.58283391128032 87.3113831946963 15.58283391128032 1.665334536937733e-16 8.88178419700125e-16 2.839485507324164e-15
15.58283391128032 15.58283391128032 87.31138319469632 2.775557561562891e-16 1.082467449009527e-15 8.88178419700125e-16
8.88178419700125e-16 1.665334536937733e-16 2.775557561562891e-16 -23.99031675420823 0 -1.11352413326051e-31
1.665334536937733e-16 8.88178419700125e-16 1.082467449009527e-15 0 -23.99031675420823 6.658650507143152e-16
1.082467449009527e-15 2.839485507324164e-15 8.88178419700125e-16 -1.11352413326051e-31 6.658650507143152e-16 -23.99031675420822
