49.30793977466701 39.14091537535147 15.50641327681438 1.249000902703299e-16 2.081668171172168e-16 3.191891195797324e-16
39.14091537535147 49.30793977466701 15.50641327681438 2.081668171172168e-16 1.249000902703299e-16 1.913146072069799e-15
15.50641327681438 15.50641327681438 52.61968240484635 -1.942890293094024e-16 -1.942890293094024e-16 -1.110223024625157e-16
1.249000902703299e-16 2.081668171172168e-16 -1.942890293094024e-16 2.082957622613643 0 -1.565893312397592e-32
2.081668171172168e-16 1.249000902703299e-16 -1.942890293094024e-16 0 2.082957622613643 -9.556753642178873e-17
3.191891195797324e-16 1.913146072069799e-15 -1.110223024625157e-16 -1.565893312397592e-32 -9.556753642178873e-17 29.54391981225583
