143.5895477142508 26.30434100157235 24.73518031883617 -3.122502256758252e-16 0 -5.551115123125781e-17
26.30434100157235 143.5895477142508 24.73518031883618 6.938893903907227e-17 -1.595945597898662e-16 2.429909268712577e-15
24.73518031883617 24.73518031883618 48.29468480425309 1.360023205165817e-15 4.857225732735061e-16 3.122502256758253e-17
-3.122502256758252e-16 6.938893903907227e-17 1.360023205165817e-15 24.54515348017204 0 2.000863676952478e-32
0 -1.595945597898662e-16 4.857225732735061e-16 0 24.54515348017205 -6.81270418104148e-16
-5.551115123125781e-17 2.429909268712577e-15 3.122502256758253e-17 2.000863676952478e-32 -6.81270418104148e-16 26.50307116681844
