139.3197161637171 41.30015717768214 18.34179256069731 -2.636779683484746e-16 8.326672684688673e-17 -4.440892098500625e-16
41.30015717768214 87.05728056869374 46.95855333270167 -2.636779683484746e-15 1.332267629550187e-15 6.145860421119016e-15
18.34179256069731 46.95855333270167 33.47805194462317 2.609024107869118e-15 -1.665334536937735e-15 -2.220446049250312e-15
-2.636779683484746e-16 -2.636779683484746e-15 2.609024107869118e-15 11.30024699978445 0 -1.670286199890765e-31
8.326672684688673e-17 1.332267629550187e-15 -1.665334536937735e-15 0 16.01754274180081 -6.618426940223549e-16
-4.440892098500625e-16 6.145860421119016e-15 -2.220446049250312e-15 -1.670286199890765e-31 -6.618426940223549e-16 33.62440904557566
