155.3269158109847 29.85655187328181 26.11064155446608 7.632783294297951e-17 -2.636779683484746e-16 3.608224830031758e-16
29.85655187328181 155.3269158109848 26.11064155446609 -9.714451465470117e-17 -1.873501354054951e-16 2.808778052607513e-15
26.11064155446608 26.11064155446609 57.9312023607231 9.159339953157543e-16 9.159339953157543e-16 5.89805981832114e-17
7.632783294297951e-17 -9.714451465470117e-17 9.159339953157543e-16 31.41870634305647 0 2.348839968596388e-32
-2.636779683484746e-16 -1.873501354054951e-16 9.159339953157543e-16 0 31.41870634305649 -8.718003646359248e-16
3.608224830031758e-16 2.808778052607513e-15 5.89805981832114e-17 2.348839968596388e-32 -8.718003646359248e-16 33.00770637944278
