71.08543288014673 24.7043763089667 26.4228331005277 -1.616762279610383e-15 5.144317775778298 -4.32986979603811e-15
24.7043763089667 96.50028971687412 42.04440326465502 4.050579316405842e-16 -2.646926243920436 3.377961241742727e-15
26.4228331005277 42.04440326465502 110.0359849732842 -3.053113317719177e-16 -14.85258338056485 -8.604228440844957e-16
-1.616762279610383e-15 4.050579316405842e-16 -3.053113317719177e-16 43.80477654329026 -2.430347589843506e-15 0.915624400766693
5.144317775778298 -2.646926243920436 -14.85258338056485 -2.430347589843506e-15 25.20771597112043 -8.700068081975615e-16
-4.32986979603811e-15 3.377961241742727e-15 -8.604228440844957e-16 0.915624400766693 -8.700068081975615e-16 21.07391553804979
