35.91030899868214 14.97502230922782 13.13379900471064 4.468647674116254e-15 2.206568261442498e-15 1.471045507628332e-15
14.97502230922782 37.15460541645304 13.35689698480305 -2.886579864025406e-15 -3.164135620181695e-15 1.897585990184874e-15
13.13379900471064 13.35689698480305 37.06566351301847 1.769417945496336e-16 4.857225732735033e-17 -2.220446049250309e-16
4.468647674116254e-15 -2.886579864025406e-15 1.769417945496336e-16 1.890338166391196 0 4.967985475499991e-31
2.206568261442498e-15 -3.164135620181695e-15 4.857225732735033e-17 0 5.484086655334444 -1.584579041671793e-16
1.471045507628332e-15 1.897585990184874e-15 -2.220446049250309e-16 4.967985475499991e-31 -1.584579041671793e-16 21.18872888140291
